12
0	1	8	2
0	3	14	0
0	6	28	1
0	8	26	1
0	9	10	2
0	11	11	1
1	0	8	2
1	2	5	1
1	4	2	2
1	6	8	0
1	8	18	2
1	9	15	1
1	10	13	2
2	1	5	1
2	5	19	2
2	6	24	0
2	10	22	0
3	0	14	0
3	4	19	1
3	7	0	0
3	9	13	0
3	11	0	1
4	1	2	2
4	3	19	1
4	10	25	2
5	2	19	2
5	6	25	1
5	9	20	1
5	11	17	1
6	0	28	1
6	1	8	0
6	2	24	0
6	5	25	1
6	7	18	2
6	8	13	1
7	3	0	0
7	6	18	2
7	9	10	2
7	11	12	1
8	0	26	1
8	1	18	2
8	6	13	1
8	9	26	1
9	0	10	2
9	1	15	1
9	3	13	0
9	5	20	1
9	7	10	2
9	8	26	1
10	1	13	2
10	2	22	0
10	4	25	2
11	0	11	1
11	3	0	1
11	5	17	1
11	7	12	1
